<svg version="1.1" id="Layer_1" xmlns="http://www.w3.org/2000/svg" xmlns:xlink="http://www.w3.org/1999/xlink" x="0px" y="0px" width="100%" viewBox="0 0 1254 1254" enable-background="new 0 0 1254 1254" xml:space="preserve">

<path fill="#E50368" opacity="1.000000" stroke="none" d="
M983.285400,741.285278 
	C951.929932,780.460815 920.750732,819.320190 889.679810,858.265808 
	C844.892822,914.403687 799.993713,970.453674 755.516968,1026.836548 
	C730.471436,1058.586548 700.551453,1083.691406 663.013367,1099.430664 
	C621.342468,1116.902954 578.523071,1120.777222 534.881348,1109.325562 
	C466.957092,1091.502075 399.228699,1072.927856 331.473511,1054.465454 
	C280.108490,1040.469116 228.608582,1026.902100 177.574539,1011.774841 
	C121.937981,995.283508 78.857628,962.149414 51.836197,909.998657 
	C34.401310,876.349792 25.600912,840.356812 28.611832,802.464417 
	C30.145870,783.158630 33.963394,763.815125 38.837265,745.030579 
	C64.191185,647.313049 90.076637,549.732483 116.057785,452.179047 
	C133.971649,384.916412 151.975723,317.673523 170.622086,250.611603 
	C186.008423,195.274521 219.840164,153.374100 268.959839,124.587540 
	C339.150848,83.452126 412.898438,80.465019 488.461029,108.263924 
	C546.609314,129.656219 604.592834,151.496490 662.633972,173.179428 
	C737.168030,201.023727 811.772461,228.682541 886.188354,256.839233 
	C967.981262,287.787262 1049.589600,319.223267 1131.291504,350.412079 
	C1143.580444,355.103271 1156.041504,359.356995 1168.242798,364.261108 
	C1182.447266,369.970367 1195.825317,377.298035 1205.138794,389.898071 
	C1219.967529,409.959625 1221.301880,431.702240 1210.917725,454.006409 
	C1207.656372,461.011414 1203.078857,467.576813 1198.225342,473.640320 
	C1156.158447,526.194275 1113.865479,578.567139 1071.692139,631.036072 
	C1042.255493,667.659058 1012.901184,704.348145 983.285400,741.285278 
M872.257080,588.770508 
	C873.583496,582.757874 874.914062,576.746155 876.235779,570.732483 
	C887.918823,517.575317 899.595947,464.416779 911.286133,411.261139 
	C913.631958,400.594788 916.026123,389.939087 918.473633,378.938629 
	C916.594055,378.746460 915.308655,378.557434 914.016907,378.491333 
	C872.264648,376.354218 830.512878,374.206421 788.757996,372.122925 
	C781.306335,371.751099 781.421448,371.902527 779.924927,379.172211 
	C771.661560,419.312958 763.257935,459.425140 755.142273,499.595581 
	C754.298706,503.770996 752.436646,505.387787 748.524109,506.150818 
	C720.236145,511.667603 691.949097,517.199036 663.737793,523.089600 
	C658.769470,524.127014 656.391052,522.705811 653.713501,518.714539 
	C635.714233,491.884003 617.543579,465.166656 599.234924,438.545807 
	C568.850464,394.366730 519.668945,408.596863 499.488983,440.316833 
	C495.567108,446.481506 491.822876,452.889435 489.011292,459.609589 
	C466.343964,513.788696 443.773346,568.009644 421.537964,622.367004 
	C416.809509,633.926331 413.688538,646.122437 415.382050,658.928833 
	C417.650970,676.086426 427.651428,688.487122 440.498810,698.946472 
	C456.652557,712.097595 475.572876,719.936462 495.070251,726.530701 
	C516.845886,733.895325 538.640686,741.204163 560.462646,748.429932 
	C564.568054,749.789246 566.222656,751.980835 565.757324,756.521606 
	C563.192871,781.548096 561.053833,806.618530 558.438538,831.639343 
	C556.014038,854.835632 552.904480,877.961670 550.598755,901.168518 
	C548.580750,921.479248 561.028259,936.957275 581.264465,938.851379 
	C589.415588,939.614319 598.259277,939.610779 605.963501,937.257507 
	C627.933899,930.546448 649.500793,922.505127 671.169861,914.827759 
	C673.948914,913.843201 676.531555,912.110168 678.969055,910.389465 
	C689.537537,902.929016 688.846924,887.254211 677.378174,881.411621 
	C667.903259,876.584778 658.015503,872.555786 648.236023,868.346802 
	C645.386902,867.120544 644.074890,865.497009 644.375427,862.299744 
	C645.544617,849.860962 646.401123,837.391418 647.675110,824.964172 
	C650.971008,792.812622 654.201294,760.651367 657.917542,728.547180 
	C659.681763,713.306030 654.118591,701.933044 641.974731,693.284729 
	C638.856018,691.063843 635.730164,688.808777 632.402893,686.932495 
	C617.616089,678.594238 602.593506,670.662231 587.962830,662.061707 
	C571.056702,652.123291 554.481323,641.622803 537.739075,631.404419 
	C534.845520,629.638428 534.146790,627.602722 535.582092,624.343750 
	C538.736145,617.182251 541.425232,609.817261 544.508179,602.622864 
	C553.611267,581.379517 560.712952,559.841919 555.328369,536.234375 
	C555.150635,535.455078 555.742859,534.500122 556.194214,532.811707 
	C557.793579,534.530579 558.999207,535.628235 559.973083,536.902832 
	C574.018860,555.285217 588.575806,573.310242 601.864929,592.225647 
	C610.730347,604.844482 621.394470,611.354187 636.865784,609.128052 
	C638.840515,608.843872 640.877563,608.767212 642.776978,608.218201 
	C676.492798,598.473145 710.240662,588.832153 743.847656,578.723389 
	C749.629822,576.984192 755.029846,573.568909 760.203979,570.292297 
	C774.090942,561.498047 781.471252,548.649475 782.746521,532.272095 
	C782.908936,530.186768 782.464600,527.434082 786.171509,528.696472 
	C798.544617,532.910034 806.441040,549.315613 801.788391,561.535278 
	C796.479370,575.479065 786.327026,585.461609 774.458618,593.868408 
	C768.728882,597.927002 762.715515,601.585266 755.867676,606.053101 
	C793.450073,609.465454 829.845093,612.769958 866.401001,616.089111 
	C868.405457,606.805054 870.262817,598.202026 872.257080,588.770508 
M459.273926,778.230896 
	C437.607880,760.790833 419.750275,740.031921 405.491852,715.508789 
	C404.044464,718.255310 402.952667,720.303467 401.882019,722.362671 
	C396.434357,732.840332 391.124298,743.393677 385.425262,753.732605 
	C384.408691,755.576782 381.909821,757.502808 379.888763,757.758667 
	C352.462646,761.230652 325.024475,764.641602 297.538727,767.597534 
	C275.390076,769.979614 259.052643,780.545898 248.991348,800.435059 
	C241.708618,814.831604 234.520081,829.283875 227.685562,843.896545 
	C222.126007,855.783142 220.426651,868.115845 226.158249,880.549011 
	C233.429550,896.322144 249.171021,900.908081 263.411621,891.104858 
	C269.692474,886.781128 275.524506,881.743591 281.228302,876.657837 
	C289.890076,868.934631 299.759674,863.452148 311.066132,861.331543 
	C326.434082,858.449219 341.981140,856.537292 357.411072,853.967041 
	C382.522644,849.784058 407.805298,846.327026 432.634735,840.839539 
	C455.720734,835.737366 471.330292,821.041382 478.343475,797.937195 
	C479.261597,794.912598 478.565277,793.084900 476.007965,791.232422 
	C470.482544,787.229858 465.202820,782.888123 459.273926,778.230896 
M623.638367,240.853058 
	C603.625977,233.865326 583.890503,234.669830 564.126587,242.248840 
	C516.324097,260.579987 497.663208,321.861572 527.397583,363.425079 
	C557.125977,404.980286 616.959351,410.544495 653.563599,374.859985 
	C676.480713,352.518707 685.659302,325.616119 676.418091,294.327972 
	C668.572388,267.764282 650.206970,250.548141 623.638367,240.853058 
M330.989075,523.482178 
	C329.419464,527.872131 327.824158,532.253113 326.284668,536.653625 
	C319.852631,555.039124 325.132111,573.335938 340.058380,584.452393 
	C355.536072,595.979431 376.237701,595.959473 391.788086,584.818787 
	C402.982086,576.799072 408.423096,565.361816 412.663177,552.830750 
	C421.136353,527.789246 429.935913,502.857880 438.647919,477.897552 
	C445.606964,457.959534 452.927277,438.141754 459.523346,418.085144 
	C463.404541,406.283447 459.544006,396.916260 449.008728,390.210083 
	C440.105621,384.542816 430.052185,381.985016 419.679260,381.308350 
	C393.911285,379.627319 379.264709,384.251129 369.776062,412.446045 
	C357.355743,449.352234 344.132874,485.988342 330.989075,523.482178 
z" data-index="1" style="visibility: visible; opacity: 1;"></path>
<path fill="#FEFCFC" opacity="1.000000" stroke="none" d="
M872.188660,589.184753 
	C870.262817,598.202026 868.405457,606.805054 866.401001,616.089111 
	C829.845093,612.769958 793.450073,609.465454 755.867676,606.053101 
	C762.715515,601.585266 768.728882,597.927002 774.458618,593.868408 
	C786.327026,585.461609 796.479370,575.479065 801.788391,561.535278 
	C806.441040,549.315613 798.544617,532.910034 786.171509,528.696472 
	C782.464600,527.434082 782.908936,530.186768 782.746521,532.272095 
	C781.471252,548.649475 774.090942,561.498047 760.203979,570.292297 
	C755.029846,573.568909 749.629822,576.984192 743.847656,578.723389 
	C710.240662,588.832153 676.492798,598.473145 642.776978,608.218201 
	C640.877563,608.767212 638.840515,608.843872 636.865784,609.128052 
	C621.394470,611.354187 610.730347,604.844482 601.864929,592.225647 
	C588.575806,573.310242 574.018860,555.285217 559.973083,536.902832 
	C558.999207,535.628235 557.793579,534.530579 556.194214,532.811707 
	C555.742859,534.500122 555.150635,535.455078 555.328369,536.234375 
	C560.712952,559.841919 553.611267,581.379517 544.508179,602.622864 
	C541.425232,609.817261 538.736145,617.182251 535.582092,624.343750 
	C534.146790,627.602722 534.845520,629.638428 537.739075,631.404419 
	C554.481323,641.622803 571.056702,652.123291 587.962830,662.061707 
	C602.593506,670.662231 617.616089,678.594238 632.402893,686.932495 
	C635.730164,688.808777 638.856018,691.063843 641.974731,693.284729 
	C654.118591,701.933044 659.681763,713.306030 657.917542,728.547180 
	C654.201294,760.651367 650.971008,792.812622 647.675110,824.964172 
	C646.401123,837.391418 645.544617,849.860962 644.375427,862.299744 
	C644.074890,865.497009 645.386902,867.120544 648.236023,868.346802 
	C658.015503,872.555786 667.903259,876.584778 677.378174,881.411621 
	C688.846924,887.254211 689.537537,902.929016 678.969055,910.389465 
	C676.531555,912.110168 673.948914,913.843201 671.169861,914.827759 
	C649.500793,922.505127 627.933899,930.546448 605.963501,937.257507 
	C598.259277,939.610779 589.415588,939.614319 581.264465,938.851379 
	C561.028259,936.957275 548.580750,921.479248 550.598755,901.168518 
	C552.904480,877.961670 556.014038,854.835632 558.438538,831.639343 
	C561.053833,806.618530 563.192871,781.548096 565.757324,756.521606 
	C566.222656,751.980835 564.568054,749.789246 560.462646,748.429932 
	C538.640686,741.204163 516.845886,733.895325 495.070251,726.530701 
	C475.572876,719.936462 456.652557,712.097595 440.498810,698.946472 
	C427.651428,688.487122 417.650970,676.086426 415.382050,658.928833 
	C413.688538,646.122437 416.809509,633.926331 421.537964,622.367004 
	C443.773346,568.009644 466.343964,513.788696 489.011292,459.609589 
	C491.822876,452.889435 495.567108,446.481506 499.488983,440.316833 
	C519.668945,408.596863 568.850464,394.366730 599.234924,438.545807 
	C617.543579,465.166656 635.714233,491.884003 653.713501,518.714539 
	C656.391052,522.705811 658.769470,524.127014 663.737793,523.089600 
	C691.949097,517.199036 720.236145,511.667603 748.524109,506.150818 
	C752.436646,505.387787 754.298706,503.770996 755.142273,499.595581 
	C763.257935,459.425140 771.661560,419.312958 779.924927,379.172211 
	C781.421448,371.902527 781.306335,371.751099 788.757996,372.122925 
	C830.512878,374.206421 872.264648,376.354218 914.016907,378.491333 
	C915.308655,378.557434 916.594055,378.746460 918.473633,378.938629 
	C916.026123,389.939087 913.631958,400.594788 911.286133,411.261139 
	C899.595947,464.416779 887.918823,517.575317 876.235779,570.732483 
	C874.914062,576.746155 873.583496,582.757874 872.188660,589.184753 
M842.552979,488.065857 
	C847.045471,485.214844 851.636780,482.506561 856.007874,479.480255 
	C863.037598,474.613129 869.324585,469.009094 873.372620,461.228088 
	C875.858093,456.450592 877.828796,451.760895 873.905396,446.870544 
	C870.957153,443.195618 865.681519,442.557770 859.118469,445.086487 
	C856.650085,446.037506 854.133057,447.094086 851.982361,448.595490 
	C844.900757,453.539154 837.944702,458.665314 831.007324,463.811615 
	C828.118591,465.954529 825.398560,468.324829 822.332886,470.809692 
	C819.906372,468.071136 817.924683,465.622711 815.722900,463.391357 
	C810.247681,457.842377 805.086792,451.872467 799.028320,447.038452 
	C791.980408,441.415070 785.457092,443.996460 782.421509,452.546204 
	C779.966248,459.461609 780.736084,466.038025 784.480530,472.179749 
	C790.766724,482.490356 799.505493,490.505554 810.026550,496.105927 
	C813.529724,497.970642 818.932983,498.121094 822.840881,496.954956 
	C829.454407,494.981476 835.569275,491.337006 842.552979,488.065857 
z" data-index="2" style="opacity: 1;"></path>
<path fill="#FEFBFC" opacity="1.000000" stroke="none" d="
M459.548279,778.458008 
	C465.202820,782.888123 470.482544,787.229858 476.007965,791.232422 
	C478.565277,793.084900 479.261597,794.912598 478.343475,797.937195 
	C471.330292,821.041382 455.720734,835.737366 432.634735,840.839539 
	C407.805298,846.327026 382.522644,849.784058 357.411072,853.967041 
	C341.981140,856.537292 326.434082,858.449219 311.066132,861.331543 
	C299.759674,863.452148 289.890076,868.934631 281.228302,876.657837 
	C275.524506,881.743591 269.692474,886.781128 263.411621,891.104858 
	C249.171021,900.908081 233.429550,896.322144 226.158249,880.549011 
	C220.426651,868.115845 222.126007,855.783142 227.685562,843.896545 
	C234.520081,829.283875 241.708618,814.831604 248.991348,800.435059 
	C259.052643,780.545898 275.390076,769.979614 297.538727,767.597534 
	C325.024475,764.641602 352.462646,761.230652 379.888763,757.758667 
	C381.909821,757.502808 384.408691,755.576782 385.425262,753.732605 
	C391.124298,743.393677 396.434357,732.840332 401.882019,722.362671 
	C402.952667,720.303467 404.044464,718.255310 405.491852,715.508789 
	C419.750275,740.031921 437.607880,760.790833 459.548279,778.458008 
z" data-index="3"></path>
<path fill="#FEFCFC" opacity="1.000000" stroke="none" d="
M624.017761,240.956116 
	C650.206970,250.548141 668.572388,267.764282 676.418091,294.327972 
	C685.659302,325.616119 676.480713,352.518707 653.563599,374.859985 
	C616.959351,410.544495 557.125977,404.980286 527.397583,363.425079 
	C497.663208,321.861572 516.324097,260.579987 564.126587,242.248840 
	C583.890503,234.669830 603.625977,233.865326 624.017761,240.956116 
z" data-index="4" style="opacity: 1;"></path>
<path fill="#FEFBFC" opacity="1.000000" stroke="none" d="
M331.122131,523.111389 
	C344.132874,485.988342 357.355743,449.352234 369.776062,412.446045 
	C379.264709,384.251129 393.911285,379.627319 419.679260,381.308350 
	C430.052185,381.985016 440.105621,384.542816 449.008728,390.210083 
	C459.544006,396.916260 463.404541,406.283447 459.523346,418.085144 
	C452.927277,438.141754 445.606964,457.959534 438.647919,477.897552 
	C429.935913,502.857880 421.136353,527.789246 412.663177,552.830750 
	C408.423096,565.361816 402.982086,576.799072 391.788086,584.818787 
	C376.237701,595.959473 355.536072,595.979431 340.058380,584.452393 
	C325.132111,573.335938 319.852631,555.039124 326.284668,536.653625 
	C327.824158,532.253113 329.419464,527.872131 331.122131,523.111389 
z" data-index="5" style="opacity: 1;"></path>
<path fill="#E5076A" opacity="1.000000" stroke="none" d="
M842.223389,488.230438 
	C835.569275,491.337006 829.454407,494.981476 822.840881,496.954956 
	C818.932983,498.121094 813.529724,497.970642 810.026550,496.105927 
	C799.505493,490.505554 790.766724,482.490356 784.480530,472.179749 
	C780.736084,466.038025 779.966248,459.461609 782.421509,452.546204 
	C785.457092,443.996460 791.980408,441.415070 799.028320,447.038452 
	C805.086792,451.872467 810.247681,457.842377 815.722900,463.391357 
	C817.924683,465.622711 819.906372,468.071136 822.332886,470.809692 
	C825.398560,468.324829 828.118591,465.954529 831.007324,463.811615 
	C837.944702,458.665314 844.900757,453.539154 851.982361,448.595490 
	C854.133057,447.094086 856.650085,446.037506 859.118469,445.086487 
	C865.681519,442.557770 870.957153,443.195618 873.905396,446.870544 
	C877.828796,451.760895 875.858093,456.450592 873.372620,461.228088 
	C869.324585,469.009094 863.037598,474.613129 856.007874,479.480255 
	C851.636780,482.506561 847.045471,485.214844 842.223389,488.230438 
z" data-index="6" style="visibility: visible;"></path>
</svg>